0 0.0 0.0 0.650298730396 8.56310679612 0.349701269604
1 0.0 0.1 0.626773711725 7.88368185213 0.373226288275
2 0.0 0.2 0.561053024645 7.93820014937 0.438946975355
3 0.0 0.3 0.553958177745 8.30377147125 0.446041822255
4 0.0 0.4 0.577296489918 8.07766990291 0.422703510082
5 0.0 0.5 0.559932785661 8.14544436146 0.440067214339
6 0.0 0.6 0.514563106796 7.97404779686 0.485436893204
7 0.0 0.7 0.50784167289 8.34148618372 0.49215832711
8 0.0 0.8 0.457430918596 7.19361463779 0.542569081404
9 0.1 0.0 0.568334578043 7.89451082898 0.431665421957
10 0.1 0.1 0.565160567588 7.98226288275 0.434839432412
11 0.1 0.2 0.527259148618 7.73226288275 0.472740851382
12 0.1 0.3 0.464525765497 7.35828976848 0.535474234503
13 0.1 0.4 0.574495892457 8.31870799104 0.425504107543
14 0.1 0.5 0.453323375653 7.15627333831 0.546676624347
15 0.1 0.6 0.409634055265 6.98412994772 0.590365944735
16 0.1 0.7 0.43073188947 7.30470500373 0.56926811053
17 0.1 0.8 0.470313666916 7.06758775205 0.529686333084
18 0.2 0.0 0.588312173264 7.71172516804 0.411687826736
19 0.2 0.1 0.55358476475 7.66206123973 0.44641523525
20 0.2 0.2 0.567401045556 7.2068707991 0.432598954444
21 0.2 0.3 0.446788648245 6.69342793129 0.553211351755
22 0.2 0.4 0.492531740105 7.19436146378 0.507468259895
23 0.2 0.5 0.560492905153 7.26512322629 0.439507094847
24 0.2 0.6 0.451643017177 7.21639283047 0.548356982823
25 0.2 0.7 0.40926064227 6.20425690814 0.59073935773
26 0.2 0.8 0.423263629574 6.4213965646 0.576736370426
27 0.3 0.0 0.636855862584 7.82188200149 0.363144137416
28 0.3 0.1 0.543315907394 6.85455563854 0.456684092606
29 0.3 0.2 0.606609410007 7.69454817028 0.393390589993
30 0.3 0.3 0.485436893204 6.97236743839 0.514563106796
31 0.3 0.4 0.519790888723 7.42569081404 0.480209111277
32 0.3 0.5 0.481329350261 6.85754294249 0.518670649739
33 0.3 0.6 0.474047796863 7.03454070202 0.525952203137
34 0.3 0.7 0.572255414488 7.17569081404 0.427744585512
35 0.3 0.8 0.459671396565 6.7283420463 0.540328603435
36 0.4 0.0 0.575056011949 7.40608663181 0.424943988051
37 0.4 0.1 0.556945481703 7.19641523525 0.443054518297
38 0.4 0.2 0.542195668409 7.22330097087 0.457804331591
39 0.4 0.3 0.468259895444 6.80041075429 0.531740104556
40 0.4 0.4 0.48282300224 6.75448095594 0.51717699776
41 0.4 0.5 0.508401792382 6.79107542942 0.491598207618
42 0.4 0.6 0.446228528753 6.16374159821 0.553771471247
43 0.4 0.7 0.351941747573 5.43838685586 0.648058252427
44 0.4 0.8 0.420463032114 6.13984316654 0.579536967886
45 0.5 0.0 0.575056011949 7.15608663181 0.424943988051
46 0.5 0.1 0.533980582524 6.92625093353 0.466019417476
47 0.5 0.2 0.581777445855 7.42475728155 0.418222554145
48 0.5 0.3 0.477408513816 6.09951456311 0.522591486184
49 0.5 0.4 0.37359970127 5.15926064227 0.62640029873
50 0.5 0.5 0.414488424197 6.05227781927 0.585511575803
51 0.5 0.6 0.381628080657 5.04070201643 0.618371919343
52 0.5 0.7 0.416168782674 5.80078416729 0.583831217326
53 0.5 0.8 0.411501120239 5.75765496639 0.588498879761
54 0.6 0.0 0.566467513069 7.01699029126 0.433532486931
55 0.6 0.1 0.477035100822 6.18166542196 0.522964899178
56 0.6 0.2 0.472927557879 6.72610156833 0.527072442121
57 0.6 0.3 0.454817027633 6.20070948469 0.545182972367
58 0.6 0.4 0.481889469754 7.0784167289 0.518110530246
59 0.6 0.5 0.429424943988 6.51101568335 0.570575056012
60 0.6 0.6 0.423450336072 4.97722180732 0.576549663928
61 0.6 0.7 0.349514563107 4.62640029873 0.650485436893
62 0.6 0.8 0.376213592233 4.19081404033 0.623786407767
63 0.7 0.0 0.531926811053 6.3287901419 0.468073188947
64 0.7 0.1 0.51213592233 6.33943241225 0.48786407767
65 0.7 0.2 0.463032113518 6.1717699776 0.536967886482
66 0.7 0.3 0.496639283047 6.11557132188 0.503360716953
67 0.7 0.4 0.360343539955 4.67307692308 0.639656460045
68 0.7 0.5 0.399738610904 5.26587005228 0.600261389096
69 0.7 0.6 0.453323375653 5.5214712472 0.546676624347
70 0.7 0.7 0.329536967886 4.36967886482 0.670463032114
71 0.7 0.8 0.331030619866 4.28379387603 0.668969380134
72 0.8 0.0 0.52427184466 6.45855115758 0.47572815534
73 0.8 0.1 0.628827483196 7.21639283047 0.371172516804
74 0.8 0.2 0.426811053025 5.75933532487 0.573188946975
75 0.8 0.3 0.441747572816 5.80601194922 0.558252427184
76 0.8 0.4 0.387229275579 5.32262882748 0.612770724421
77 0.8 0.5 0.326362957431 3.54929051531 0.673637042569
78 0.8 0.6 0.343913368185 4.45070948469 0.656086631815
79 0.8 0.7 0.380881254668 4.83887229276 0.619118745332
80 0.8 0.8 0.358289768484 3.41896938013 0.641710231516
