0 500 0.186362812066 0.348123073203 0.813637187934
1 1000 0.280964758508 0.4781478571 0.719035241492
2 1500 0.332769147071 0.534183642628 0.667230852929
3 2000 0.375566704951 0.607507707187 0.624433295049
4 2500 0.385722057668 0.634769993351 0.614277942332
5 3000 0.387958653207 0.676600374781 0.612041346793
6 3500 0.393278123678 0.678172036511 0.606721876322
7 4000 0.391283322251 0.687662455419 0.608716677749
8 4500 0.413407483528 0.692014749441 0.586592516472
9 5000 0.391464667835 0.706703741764 0.608535332165
10 5500 0.405851417518 0.706461947652 0.594148582482
11 6000 0.407906667473 0.682342984948 0.592093332527
12 6500 0.422353865683 0.699329021338 0.577646134317
13 7000 0.414495557033 0.710511999033 0.585504442967
14 7500 0.422353865683 0.713473976909 0.577646134317
15 8000 0.434806262468 0.688146043644 0.565193737532
16 8500 0.437768240343 0.708577646134 0.562231759657
17 9000 0.408450704225 0.694916278789 0.591549295775
18 9500 0.434080880131 0.697757359608 0.565919119869
19 10000 0.418726953999 0.721876322312 0.581273046001
