0 500 0.397498132935 5.7427184466 0.602501867065
1 1000 0.510455563854 7.45220313667 0.489544436146
2 1500 0.604929051531 8.48935772965 0.395070948469
3 2000 0.5856982823 8.39171023152 0.4143017177
4 2500 0.682598954444 9.94436146378 0.317401045556
5 3000 0.719380134429 10.3022778193 0.280619865571
6 3500 0.761202389843 10.8015309933 0.238797610157
7 4000 0.777072442121 10.7752053771 0.222927557879
8 4500 0.755787901419 10.9404406273 0.244212098581
9 5000 0.797610156833 11.1327483196 0.202389843167
10 5500 0.791262135922 11.5674010456 0.208737864078
11 6000 0.802651232263 12.03678118 0.197348767737
12 6500 0.813666915609 12.1728902166 0.186333084391
13 7000 0.81217326363 12.0420089619 0.18782673637
14 7500 0.831590739358 11.7313293503 0.168409260642
15 8000 0.819454817028 11.8207617625 0.180545182972
16 8500 0.842419716206 12.892270351 0.157580283794
17 9000 0.839619118745 12.3711725168 0.160380881255
18 9500 0.847274085138 13.0942867812 0.152725914862
19 10000 0.805825242718 13.3523151606 0.194174757282
