0 500 0.268754155836 0.507525841746 0.731245844164
1 1000 0.369159160974 0.639001390316 0.630840839026
2 1500 0.420177718673 0.67158314695 0.579822281327
3 2000 0.437707791815 0.730399564771 0.562292208185
4 2500 0.454996070846 0.751979689295 0.545003929154
5 3000 0.437042858006 0.780934534244 0.562957141994
6 3500 0.446835519555 0.781780813637 0.553164480445
7 4000 0.451792298858 0.796832497129 0.548207701142
8 4500 0.470108202865 0.79145257813 0.529891797135
9 5000 0.448165387173 0.804811702835 0.551834612827
10 5500 0.455116967902 0.80402587197 0.544883032098
11 6000 0.464486489754 0.792480203107 0.535513510246
12 6500 0.47373511455 0.791875717826 0.52626488545
13 7000 0.461826754519 0.802212416128 0.538173245481
14 7500 0.473070180741 0.804086320498 0.526929819259
15 8000 0.485401680469 0.782808438615 0.514598319531
16 8500 0.487456930424 0.79489814423 0.512543069576
17 9000 0.463519313305 0.804086320498 0.536480686695
18 9500 0.489693525963 0.792721997219 0.510306474037
19 10000 0.468234298495 0.812972254126 0.531765701505
