0 0.0 0.0 0.767550410754 12.0479835698 0.232449589246
1 0.0 0.1 0.762322628827 11.7415982076 0.237677371173
2 0.0 0.2 0.72927557879 12.1579536968 0.27072442121
3 0.0 0.3 0.728902165795 12.3767737117 0.271097834205
4 0.0 0.4 0.737490664675 12.4299850635 0.262509335325
5 0.0 0.5 0.728342046303 12.5830843913 0.271657953697
6 0.0 0.6 0.69641523525 12.4001120239 0.30358476475
7 0.0 0.7 0.698655713219 12.7261015683 0.301344286781
8 0.0 0.8 0.658887229276 12.1527259149 0.341112770724
9 0.1 0.0 0.721620612397 11.6560866318 0.278379387603
10 0.1 0.1 0.720126960418 11.9833831217 0.279873039582
11 0.1 0.2 0.706123973114 11.8069454817 0.293876026886
12 0.1 0.3 0.665048543689 11.9353995519 0.334951456311
13 0.1 0.4 0.748132935026 12.6641150112 0.251867064974
14 0.1 0.5 0.666542195668 12.0952203137 0.333457804332
15 0.1 0.6 0.628827483196 11.9090739358 0.371172516804
16 0.1 0.7 0.648058252427 11.9070201643 0.351941747573
17 0.1 0.8 0.669902912621 11.9869305452 0.330097087379
18 0.2 0.0 0.737490664675 11.2944361464 0.262509335325
19 0.2 0.1 0.722927557879 11.5464899178 0.277072442121
20 0.2 0.2 0.732262882748 11.0489171023 0.267737117252
21 0.2 0.3 0.665608663181 11.1883868559 0.334391336819
22 0.2 0.4 0.691000746826 11.6021284541 0.308999253174
23 0.2 0.5 0.747012696042 11.9215832711 0.252987303958
24 0.2 0.6 0.674570575056 12.0972740851 0.325429424944
25 0.2 0.7 0.656646751307 11.4029126214 0.343353248693
26 0.2 0.8 0.65571321882 11.8302837939 0.34428678118
27 0.3 0.0 0.773898431665 11.5950336072 0.226101568335
28 0.3 0.1 0.713965646004 10.8033980583 0.286034353996
29 0.3 0.2 0.761762509335 11.6704630321 0.238237490665
30 0.3 0.3 0.66784914115 11.7348767737 0.33215085885
31 0.3 0.4 0.703696788648 11.8905899925 0.296303211352
32 0.3 0.5 0.678304705004 11.3735997013 0.321695294996
33 0.3 0.6 0.683719193428 11.9370799104 0.316280806572
34 0.3 0.7 0.773151605676 11.7079910381 0.226848394324
35 0.3 0.8 0.67289021658 11.752987304 0.32710978342
36 0.4 0.0 0.732076176251 11.2942494399 0.267923823749
37 0.4 0.1 0.708737864078 11.0235250187 0.291262135922
38 0.4 0.2 0.731329350261 11.464712472 0.268670649739
39 0.4 0.3 0.673450336072 11.4561239731 0.326549663928
40 0.4 0.4 0.720500373413 11.6189320388 0.279499626587
41 0.4 0.5 0.707244212099 11.3427931292 0.292755787901
42 0.4 0.6 0.665795369679 11.3131067961 0.334204630321
43 0.4 0.7 0.603061986557 10.9484690067 0.396938013443
44 0.4 0.8 0.664488424197 11.6174383869 0.335511575803
45 0.5 0.0 0.723300970874 11.247012696 0.276699029126
46 0.5 0.1 0.708364451083 11.246639283 0.291635548917
47 0.5 0.2 0.746265870052 11.286034354 0.253734129948
48 0.5 0.3 0.677931292009 10.8728528753 0.322068707991
49 0.5 0.4 0.600634802091 9.95873786408 0.399365197909
50 0.5 0.5 0.64787154593 10.9932785661 0.35212845407
51 0.5 0.6 0.634428678118 10.0164301718 0.365571321882
52 0.5 0.7 0.68073188947 10.857729649 0.31926811053
53 0.5 0.8 0.656273338312 10.8409260642 0.343726661688
54 0.6 0.0 0.749439880508 11.1336818521 0.250560119492
55 0.6 0.1 0.680545182972 10.5545182972 0.319454817028
56 0.6 0.2 0.681478715459 11.0449962659 0.318521284541
57 0.6 0.3 0.680358476475 10.891150112 0.319641523525
58 0.6 0.4 0.695668409261 11.605862584 0.304331590739
59 0.6 0.5 0.65926064227 10.9434279313 0.34073935773
60 0.6 0.6 0.637976101568 10.3328976848 0.362023898432
61 0.6 0.7 0.620238984317 10.5894324122 0.379761015683
62 0.6 0.8 0.646004480956 10.4762882748 0.353995519044
63 0.7 0.0 0.700149365198 10.3986183719 0.299850634802
64 0.7 0.1 0.699215832711 10.429424944 0.300784167289
65 0.7 0.2 0.669529499627 10.2309559373 0.330470500373
66 0.7 0.3 0.705190440627 10.9079536968 0.294809559373
67 0.7 0.4 0.605862584018 9.25354742345 0.394137415982
68 0.7 0.5 0.650485436893 9.88610903659 0.349514563107
69 0.7 0.6 0.683159073936 10.9070201643 0.316840926064
70 0.7 0.7 0.585138162808 9.81011949216 0.414861837192
71 0.7 0.8 0.602501867065 10.0589992532 0.397498132935
72 0.8 0.0 0.701082897685 10.7257281553 0.298917102315
73 0.8 0.1 0.774458551158 11.3157206871 0.225541448842
74 0.8 0.2 0.664675130695 10.894884242 0.335324869305
75 0.8 0.3 0.679424943988 10.7778192681 0.320575056012
76 0.8 0.4 0.662994772218 10.3666915609 0.337005227782
77 0.8 0.5 0.5856982823 9.3853622106 0.4143017177
78 0.8 0.6 0.618371919343 10.1585138163 0.381628080657
79 0.8 0.7 0.643764002987 10.1728902166 0.356235997013
80 0.8 0.8 0.618745332338 9.58439133682 0.381254667662
