0 0.0 0.0 0.410143263012 0.659735235447 0.589856736988
1 0.0 0.1 0.385419815028 0.687057970138 0.614580184972
2 0.0 0.2 0.400350601463 0.656833706099 0.599649398537
3 0.0 0.3 0.403131233754 0.666505470592 0.596868766246
4 0.0 0.4 0.404944689597 0.666324125008 0.595055310403
5 0.0 0.5 0.3799794475 0.677869793871 0.6200205525
6 0.0 0.6 0.367224808076 0.675935440972 0.632775191924
7 0.0 0.7 0.381430212174 0.681496705555 0.618569787826
8 0.0 0.8 0.372846521187 0.700054403675 0.627153478813
9 0.1 0.0 0.371939793266 0.679078764432 0.628060206734
10 0.1 0.1 0.389046726712 0.657921779605 0.610953273288
11 0.1 0.2 0.376110741703 0.676419029197 0.623889258297
12 0.1 0.3 0.365955388986 0.682947470229 0.634044611014
13 0.1 0.4 0.382457837152 0.659372544279 0.617542162848
14 0.1 0.5 0.388925829656 0.650123919483 0.611074170344
15 0.1 0.6 0.384875778275 0.640693949102 0.615124221725
16 0.1 0.7 0.375143565254 0.679441455601 0.624856434746
17 0.1 0.8 0.371214410929 0.654173970864 0.628785589071
18 0.2 0.0 0.393459469262 0.626730339116 0.606540530738
19 0.2 0.1 0.364746418425 0.657982228133 0.635253581575
20 0.2 0.2 0.364202381672 0.665900985311 0.635797618328
21 0.2 0.3 0.36299341111 0.650667956235 0.63700658889
22 0.2 0.4 0.384936226803 0.630840839026 0.615063773197
23 0.2 0.5 0.356041830381 0.663845735356 0.643958169619
24 0.2 0.6 0.373934594693 0.641540228495 0.626065405307
25 0.2 0.7 0.381067521006 0.636462552137 0.618932478994
26 0.2 0.8 0.373209212356 0.644804449012 0.626790787644
27 0.3 0.0 0.368796469806 0.654536662032 0.631203530194
28 0.3 0.1 0.361603094965 0.635616272744 0.638396905035
29 0.3 0.2 0.364867315481 0.631868464003 0.635132684519
30 0.3 0.3 0.391283322251 0.599226258841 0.608716677749
31 0.3 0.4 0.345161095327 0.651574684156 0.654838904673
32 0.3 0.5 0.37810554313 0.62660944206 0.62189445687
33 0.3 0.6 0.352475367225 0.617844405489 0.647524632775
34 0.3 0.7 0.34697455117 0.651876926797 0.65302544883
35 0.3 0.8 0.346188720305 0.648914948921 0.653811279695
36 0.4 0.0 0.395454270689 0.612283140906 0.604545729311
37 0.4 0.1 0.357915734752 0.635797618328 0.642084265248
38 0.4 0.2 0.359910536178 0.630296802273 0.640089463822
39 0.4 0.3 0.334280360273 0.639424530013 0.665719639727
40 0.4 0.4 0.327086985432 0.655987426706 0.672913014568
41 0.4 0.5 0.346853654114 0.630417699329 0.653146345886
42 0.4 0.6 0.357492595055 0.615305567309 0.642507404945
43 0.4 0.7 0.328839992746 0.588043281146 0.671160007254
44 0.4 0.8 0.342017771867 0.613975699692 0.657982228133
45 0.5 0.0 0.364746418425 0.616212295231 0.635253581575
46 0.5 0.1 0.351629087832 0.628422897902 0.648370912168
47 0.5 0.2 0.357371697999 0.613492111467 0.642628302001
48 0.5 0.3 0.338451308711 0.612887626186 0.661548691289
49 0.5 0.4 0.334038566161 0.607447258659 0.665961433839
50 0.5 0.5 0.351749984888 0.596264280965 0.648250015112
51 0.5 0.6 0.344919301215 0.592274678112 0.655080698785
52 0.5 0.7 0.331378830925 0.594571722179 0.668621169075
53 0.5 0.8 0.348485764372 0.585867134135 0.651514235628
54 0.6 0.0 0.368373330109 0.620383243668 0.631626669891
55 0.6 0.1 0.335187088194 0.594934413347 0.664812911806
56 0.6 0.2 0.330653448589 0.595236655987 0.669346551411
57 0.6 0.3 0.34600737472 0.584355920933 0.65399262528
58 0.6 0.4 0.329625823611 0.602006891132 0.670374176389
59 0.6 0.5 0.31457414012 0.590158979629 0.68542585988
60 0.6 0.6 0.318684640029 0.584718612102 0.681315359971
61 0.6 0.7 0.309798706401 0.575228193193 0.690201293599
62 0.6 0.8 0.336758749924 0.568881097745 0.663241250076
63 0.7 0.0 0.350782808439 0.566281811038 0.649217191561
64 0.7 0.1 0.330472103004 0.604062141087 0.669527896996
65 0.7 0.2 0.332406455903 0.586592516472 0.667593544097
66 0.7 0.3 0.349815631989 0.604183038143 0.650184368011
67 0.7 0.4 0.344617058575 0.586169376776 0.655382941425
68 0.7 0.5 0.320800338512 0.579459590159 0.679199661488
69 0.7 0.6 0.319530919422 0.567853472768 0.680469080578
70 0.7 0.7 0.318926434141 0.582482016563 0.681073565859
71 0.7 0.8 0.313848757783 0.556247355377 0.686151242217
72 0.8 0.0 0.370730822704 0.553224928973 0.629269177296
73 0.8 0.1 0.310826331379 0.608958471861 0.689173668621
74 0.8 0.2 0.338451308711 0.596747869189 0.661548691289
75 0.8 0.3 0.332104213262 0.557335428882 0.667895786738
76 0.8 0.4 0.313062926918 0.583267847428 0.686937073082
77 0.8 0.5 0.320618992928 0.572024421205 0.679381007072
78 0.8 0.6 0.339478933688 0.522517076709 0.660521066312
79 0.8 0.7 0.29474702291 0.561325031735 0.70525297709
80 0.8 0.8 0.312337544581 0.56906244333 0.687662455419
