0 0.3 0.1 0.6142643764 6.51736370426 0.3857356236
1 0.3 0.15 0.573375653473 5.75896191187 0.426624346527
2 0.3 0.2 0.597274085138 6.03342046303 0.402725914862
3 0.433333333333 0.1 0.63928304705 8.27651232263 0.36071695295
4 0.433333333333 0.15 0.571695294996 7.66616878267 0.428304705004
5 0.433333333333 0.2 0.614824495892 7.79574309186 0.385175504108
6 0.566666666667 0.1 0.439507094847 6.55171769978 0.560492905153
7 0.566666666667 0.15 0.477035100822 6.54779686333 0.522964899178
8 0.566666666667 0.2 0.412621359223 5.7645631068 0.587378640777
9 0.7 0.1 0.37714712472 3.23170276326 0.62285287528
10 0.7 0.15 0.391523525019 4.55881254668 0.608476474981
11 0.7 0.2 0.364077669903 4.30433159074 0.635922330097
