0 0.0 0.0 0.341594632171 0.545185274739 0.658405367829
1 0.0 0.1 0.313546515142 0.537508311673 0.686453484858
2 0.0 0.2 0.321525720849 0.545306171795 0.678474279151
3 0.0 0.3 0.329142235387 0.542465090975 0.670857764613
4 0.0 0.4 0.326482500151 0.543674061537 0.673517499849
5 0.0 0.5 0.300006044853 0.533397811763 0.699993955147
6 0.0 0.6 0.293840294989 0.540893429245 0.706159705011
7 0.0 0.7 0.301698603639 0.544338995345 0.698301396361
8 0.0 0.8 0.298676177235 0.557879465635 0.701323822765
9 0.1 0.0 0.293658949405 0.535090370549 0.706341050595
10 0.1 0.1 0.303572508009 0.515444598924 0.696427491991
11 0.1 0.2 0.30073142719 0.533095569123 0.69926857281
12 0.1 0.3 0.293235809708 0.55080698785 0.706764190292
13 0.1 0.4 0.301819500695 0.523726047271 0.698180499305
14 0.1 0.5 0.306171794717 0.509641540228 0.693828205283
15 0.1 0.6 0.302726228616 0.511515444599 0.697273771384
16 0.1 0.7 0.289911140664 0.531463458865 0.710088859336
17 0.1 0.8 0.287251405428 0.50583328296 0.712748594572
18 0.2 0.0 0.31614580185 0.478691893852 0.68385419815
19 0.2 0.1 0.281085655564 0.504926555038 0.718914344436
20 0.2 0.2 0.281629692317 0.511213201959 0.718370307683
21 0.2 0.3 0.269479538173 0.496524209635 0.730520461827
22 0.2 0.4 0.304237441818 0.504926555038 0.695762558182
23 0.2 0.5 0.277640089464 0.524572326664 0.722359910536
24 0.2 0.6 0.282596868766 0.490600253884 0.717403131234
25 0.2 0.7 0.292812670011 0.503898930061 0.707187329989
26 0.2 0.8 0.275826633621 0.490358459772 0.724173366379
27 0.3 0.0 0.289185758327 0.508432569667 0.710814241673
28 0.3 0.1 0.288279030406 0.491567430333 0.711720969594
29 0.3 0.2 0.268210119084 0.471558967539 0.731789880916
30 0.3 0.3 0.292812670011 0.464184247114 0.707187329989
31 0.3 0.4 0.258296560479 0.497189143444 0.741703439521
32 0.3 0.5 0.287432751013 0.479356827661 0.712567248987
33 0.3 0.6 0.265671280904 0.466723085293 0.734328719096
34 0.3 0.7 0.267786979387 0.495557033186 0.732213020613
35 0.3 0.8 0.261742126579 0.48443450402 0.738257873421
36 0.4 0.0 0.298555280179 0.474520945415 0.701444719821
37 0.4 0.1 0.267605633803 0.487033790727 0.732394366197
38 0.4 0.2 0.264462310343 0.469382820528 0.735537689657
39 0.4 0.3 0.259324185456 0.494106268512 0.740675814544
40 0.4 0.4 0.227951399383 0.486550202503 0.772048600617
41 0.4 0.5 0.251889016502 0.458985673699 0.748110983498
42 0.4 0.6 0.258115214895 0.449313909206 0.741884785105
43 0.4 0.7 0.23278728163 0.429607689053 0.76721271837
44 0.4 0.8 0.252251707671 0.470229099921 0.747748292329
45 0.5 0.0 0.277337846823 0.453243063531 0.722662153177
46 0.5 0.1 0.26204436922 0.466420842652 0.73795563078
47 0.5 0.2 0.260412258961 0.462310342743 0.739587741039
48 0.5 0.3 0.231759656652 0.429728586109 0.768240343348
49 0.5 0.4 0.240222450583 0.452699026779 0.759777549417
50 0.5 0.5 0.250317354772 0.4378891374 0.749682645228
51 0.5 0.6 0.238348546213 0.424771806807 0.761651453787
52 0.5 0.7 0.23339176691 0.4167926011 0.76660823309
53 0.5 0.8 0.237260472707 0.416732152572 0.762739527293
54 0.6 0.0 0.264885450039 0.450220637127 0.735114549961
55 0.6 0.1 0.24723447984 0.430151725805 0.75276552016
56 0.6 0.2 0.236353744786 0.420177718673 0.763646255214
57 0.6 0.3 0.250196457716 0.435289850692 0.749803542284
58 0.6 0.4 0.230550686091 0.420479961313 0.769449313909
59 0.6 0.5 0.207942936589 0.411352233573 0.792057063411
60 0.6 0.6 0.216889318745 0.419029196639 0.783110681255
61 0.6 0.7 0.218642326059 0.416853049628 0.781357673941
62 0.6 0.8 0.236776884483 0.411473130629 0.763223115517
63 0.7 0.0 0.244212053436 0.403131233754 0.755787946564
64 0.7 0.1 0.227830502327 0.433174152209 0.772169497673
65 0.7 0.2 0.218279634891 0.40579096899 0.781720365109
66 0.7 0.3 0.234238046304 0.431300247839 0.765761953696
67 0.7 0.4 0.234600737472 0.414132865865 0.765399262528
68 0.7 0.5 0.211207157106 0.391766910476 0.788792842894
69 0.7 0.6 0.206733966028 0.376171190232 0.793266033972
70 0.7 0.7 0.19567188539 0.400290152935 0.80432811461
71 0.7 0.8 0.189022547301 0.352535815753 0.810977452699
72 0.8 0.0 0.254125612041 0.375748050535 0.745874387959
73 0.8 0.1 0.208124282174 0.413044792359 0.791875717826
74 0.8 0.2 0.221725200991 0.423562836245 0.778274799009
75 0.8 0.3 0.199601039715 0.348304418787 0.800398960285
76 0.8 0.4 0.218521429003 0.420721755425 0.781478570997
77 0.8 0.5 0.196095025086 0.371516653569 0.803904974914
78 0.8 0.6 0.20981684096 0.34286405126 0.79018315904
79 0.8 0.7 0.19125914284 0.37840778577 0.80874085716
80 0.8 0.8 0.209393701263 0.400471498519 0.790606298737
