0 0.3 0.1 0.391041528139 0.686151242217 0.608958471861
1 0.3 0.15 0.402466299946 0.681859396724 0.597533700054
2 0.3 0.2 0.412923895303 0.661790485402 0.587076104697
3 0.433333333333 0.1 0.399262527957 0.662515867739 0.600737472043
4 0.433333333333 0.15 0.399262527957 0.639908118237 0.600737472043
5 0.433333333333 0.2 0.374055491749 0.672066735175 0.625944508251
6 0.566666666667 0.1 0.363900139032 0.576316266699 0.636099860968
7 0.566666666667 0.15 0.352414918697 0.58350964154 0.647585081303
8 0.566666666667 0.2 0.311007676963 0.616091398174 0.688992323037
9 0.7 0.1 0.291966390618 0.469564166113 0.708033609382
10 0.7 0.15 0.325213081061 0.517076709182 0.674786918939
11 0.7 0.2 0.300550081606 0.544762135042 0.699449918394
