0 0.3 0.1 0.334522154386 0.571601281509 0.665477845614
1 0.3 0.15 0.335066191138 0.563682524331 0.664933808862
2 0.3 0.2 0.348364867315 0.556549598017 0.651635132685
3 0.433333333333 0.1 0.31801970622 0.538354591066 0.68198029378
4 0.433333333333 0.15 0.309436015233 0.493320437647 0.690563984767
5 0.433333333333 0.2 0.298313486067 0.527896995708 0.701686513933
6 0.566666666667 0.1 0.271232545488 0.421568034818 0.728767454512
7 0.566666666667 0.15 0.246388200447 0.417941123134 0.753611799553
8 0.566666666667 0.2 0.217070664329 0.428096475851 0.782929335671
9 0.7 0.1 0.163815511092 0.286828265732 0.836184488908
10 0.7 0.15 0.198271172097 0.344737955631 0.801728827903
11 0.7 0.2 0.190836003143 0.343952124766 0.809163996857
