0 500 0.532673637043 8.48170276326 0.467326362957
1 1000 0.697348767737 11.7414115011 0.302651232263
2 1500 0.784167289022 13.7884615385 0.215832710978
3 2000 0.784540702016 14.4733009709 0.215459297984
4 2500 0.859596713966 15.714712472 0.140403286034
5 3000 0.86146377894 16.1693427931 0.13853622106
6 3500 0.891896938013 16.5787901419 0.108103061987
7 4000 0.907953696789 16.7718446602 0.0920463032114
8 4500 0.898618371919 16.9833831217 0.101381628081
9 5000 0.924757281553 17.21321882 0.0752427184466
10 5500 0.912061239731 17.6355489171 0.0879387602689
11 6000 0.919342793129 17.7373039582 0.0806572068708
12 6500 0.926250933532 18.0563853622 0.0737490664675
13 7000 0.929611650485 17.9154219567 0.0703883495146
14 7500 0.943801344287 17.7587752054 0.0561986557132
15 8000 0.936333084391 17.9034727409 0.0636669156087
16 8500 0.929611650485 18.1239731143 0.0703883495146
17 9000 0.934652725915 18.1200522778 0.0653472740851
18 9500 0.931478715459 18.4477221807 0.0685212845407
19 10000 0.916542195668 18.6306945482 0.0834578043316
