0 0.3 0.1 0.726288274832 9.54592979836 0.273711725168
1 0.3 0.15 0.697348767737 8.55825242718 0.302651232263
2 0.3 0.2 0.731889469754 8.99757281553 0.268110530246
3 0.433333333333 0.1 0.758028379388 12.103995519 0.241971620612
4 0.433333333333 0.15 0.735810306199 11.7061239731 0.264189693801
5 0.433333333333 0.2 0.771844660194 11.7427184466 0.228155339806
6 0.566666666667 0.1 0.648244958925 10.9775952203 0.351755041075
7 0.566666666667 0.15 0.70070948469 11.466579537 0.29929051531
8 0.566666666667 0.2 0.669342793129 10.9234503361 0.330657206871
9 0.7 0.1 0.568147871546 8.6353622106 0.431852128454
10 0.7 0.15 0.648618371919 9.70892457058 0.351381628081
11 0.7 0.2 0.61071695295 9.49551904406 0.38928304705
