0 0.3 0.1 0.59783420463 6.06553398058 0.40216579537
1 0.3 0.15 0.594846900672 6.05843913368 0.405153099328
2 0.3 0.2 0.581777445855 5.44604182226 0.418222554145
3 0.433333333333 0.1 0.535100821509 7.51624346527 0.464899178491
4 0.433333333333 0.15 0.542569081404 7.10100821509 0.457430918596
5 0.433333333333 0.2 0.534167289022 6.77557879014 0.465832710978
6 0.566666666667 0.1 0.422703510082 5.26512322629 0.577296489918
7 0.566666666667 0.15 0.446041822255 5.28117998506 0.553958177745
8 0.566666666667 0.2 0.398431665422 4.90795369679 0.601568334578
9 0.7 0.1 0.36855862584 2.26755041075 0.63144137416
10 0.7 0.15 0.312733383122 2.78398058252 0.687266616878
11 0.7 0.2 0.332337565347 3.42326362957 0.667662434653
