0 0.3 0.1 0.702389843167 8.68782673637 0.297610156833
1 0.3 0.15 0.720873786408 8.79350261389 0.279126213592
2 0.3 0.2 0.706497386109 8.12546676624 0.293502613891
3 0.433333333333 0.1 0.653659447349 10.8506348021 0.346340552651
4 0.433333333333 0.15 0.687079910381 10.8724794623 0.312920089619
5 0.433333333333 0.2 0.695668409261 10.4578043316 0.304331590739
6 0.566666666667 0.1 0.583831217326 9.26362957431 0.416168782674
7 0.566666666667 0.15 0.627333831217 9.44417475728 0.372666168783
8 0.566666666667 0.2 0.583457804332 9.27595220314 0.416542195668
9 0.7 0.1 0.533047050037 6.02669902913 0.466952949963
10 0.7 0.15 0.536781179985 7.23431665422 0.463218820015
11 0.7 0.2 0.557318894698 7.65179238237 0.442681105302
