0 500 0.351381628081 4.6215459298 0.648618371919
1 1000 0.471060492905 6.3358849888 0.528939507095
2 1500 0.585884988798 7.75056011949 0.414115011202
3 2000 0.654779686333 8.29126213592 0.345220313667
4 2500 0.663368185213 8.78734129948 0.336631814787
5 3000 0.676811053025 9.37434652726 0.323188946975
6 3500 0.687453323376 9.26568334578 0.312546676624
7 4000 0.727968633308 9.59447348768 0.272031366692
8 4500 0.718633308439 9.69118745332 0.281366691561
9 5000 0.715646004481 9.30414488424 0.284353995519
10 5500 0.780246452577 10.6951082898 0.219753547423
11 6000 0.783047050037 10.8230022405 0.216952949963
12 6500 0.777072442121 10.7063106796 0.222927557879
13 7000 0.787901418969 10.966579537 0.212098581031
14 7500 0.772218073189 11.1755041075 0.227781926811
15 8000 0.777259148618 11.4723674384 0.222740851382
16 8500 0.798730395818 11.3511949216 0.201269604182
17 9000 0.801530993279 11.5373412995 0.198469006721
18 9500 0.79929051531 11.574682599 0.20070948469
19 10000 0.832337565347 11.7705377147 0.167662434653
