0 0.0 0.0 0.316992081243 0.53255153237 0.683007918757
1 0.0 0.1 0.335852022003 0.519857341474 0.664147977997
2 0.0 0.2 0.324064559028 0.541860605694 0.675935440972
3 0.0 0.3 0.29915976546 0.564407906667 0.70084023454
4 0.0 0.4 0.293658949405 0.550262951097 0.706341050595
5 0.0 0.5 0.308166596143 0.532188841202 0.691833403857
6 0.0 0.6 0.335428882307 0.505047452095 0.664571117693
7 0.0 0.7 0.295472405247 0.546636039412 0.704527594753
8 0.0 0.8 0.298132140482 0.53224928973 0.701867859518
9 0.1 0.0 0.301940397751 0.565072840476 0.698059602249
10 0.1 0.1 0.310886779907 0.522758870821 0.689113220093
11 0.1 0.2 0.319954059119 0.514961010699 0.680045940881
12 0.1 0.3 0.299582905156 0.541316568942 0.700417094844
13 0.1 0.4 0.309315118177 0.51967599589 0.690684881823
14 0.1 0.5 0.301275463942 0.508734812307 0.698724536058
15 0.1 0.6 0.304358338874 0.510366922565 0.695641661126
16 0.1 0.7 0.296802272865 0.533337363235 0.703197727135
17 0.1 0.8 0.277881883576 0.494468959681 0.722118116424
18 0.2 0.0 0.323883213444 0.530012694191 0.676116786556
19 0.2 0.1 0.296197787584 0.515323701868 0.703802212416
20 0.2 0.2 0.28247597171 0.51242217252 0.71752402829
21 0.2 0.3 0.328839992746 0.502810856556 0.671160007254
22 0.2 0.4 0.293296258236 0.501541437466 0.706703741764
23 0.2 0.5 0.259384633984 0.500574261017 0.740615366016
24 0.2 0.6 0.277700537992 0.509339297588 0.722299462008
25 0.2 0.7 0.287372302484 0.486912893671 0.712627697516
26 0.2 0.8 0.277579640936 0.492655503838 0.722420359064
27 0.3 0.0 0.308710632896 0.5184065768 0.691289367104
28 0.3 0.1 0.282657317294 0.512180378408 0.717342682706
29 0.3 0.2 0.288339478934 0.501601885994 0.711660521066
30 0.3 0.3 0.296923169921 0.515142356284 0.703076830079
31 0.3 0.4 0.317596566524 0.47246569546 0.682403433476
32 0.3 0.5 0.309436015233 0.478933687965 0.690563984767
33 0.3 0.6 0.276672913015 0.463942453001 0.723327086985
34 0.3 0.7 0.289729795079 0.462189445687 0.710270204921
35 0.3 0.8 0.287553648069 0.462370791271 0.712446351931
36 0.4 0.0 0.301396360999 0.49700779786 0.698603639001
37 0.4 0.1 0.283080456991 0.488665900985 0.716919543009
38 0.4 0.2 0.313486066614 0.48788007012 0.686513933386
39 0.4 0.3 0.281267001149 0.468959680832 0.718732998851
40 0.4 0.4 0.286707368676 0.470954482258 0.713292631324
41 0.4 0.5 0.264704104455 0.479054585021 0.735295895545
42 0.4 0.6 0.287311853956 0.435168953636 0.712688146044
43 0.4 0.7 0.286767817204 0.436801063894 0.713232182796
44 0.4 0.8 0.310584537267 0.444357129904 0.689415462733
45 0.5 0.0 0.274073626307 0.481532974672 0.725926373693
46 0.5 0.1 0.297104515505 0.482681496706 0.702895484495
47 0.5 0.2 0.280239376171 0.480203107054 0.719760623829
48 0.5 0.3 0.261681678051 0.467992504383 0.738318321949
49 0.5 0.4 0.288279030406 0.446956416611 0.711720969594
50 0.5 0.5 0.253823369401 0.457353563441 0.746176630599
51 0.5 0.6 0.281508795261 0.443994438735 0.718491204739
52 0.5 0.7 0.264885450039 0.444417578432 0.735114549961
53 0.5 0.8 0.271897479296 0.42936589494 0.728102520704
54 0.6 0.0 0.282415523182 0.454814725261 0.717584476818
55 0.6 0.1 0.299885147797 0.473070180741 0.700114852203
56 0.6 0.2 0.264341413287 0.454512482621 0.735658586713
57 0.6 0.3 0.246811340144 0.438735416793 0.753188659856
58 0.6 0.4 0.277700537992 0.450160188599 0.722299462008
59 0.6 0.5 0.257450281086 0.442301879949 0.742549718914
60 0.6 0.6 0.295593302303 0.402103608777 0.704406697697
61 0.6 0.7 0.260230913377 0.395514719217 0.739769086623
62 0.6 0.8 0.261863023635 0.427612887626 0.738136976365
63 0.7 0.0 0.277216949767 0.465332769147 0.722783050233
64 0.7 0.1 0.310282294626 0.478570996796 0.689717705374
65 0.7 0.2 0.286102883395 0.439098107961 0.713897116605
66 0.7 0.3 0.266154869129 0.43976304177 0.733845130871
67 0.7 0.4 0.281629692317 0.421084446594 0.718370307683
68 0.7 0.5 0.253279332648 0.428640512604 0.746720667352
69 0.7 0.6 0.280964758508 0.393278123678 0.719035241492
70 0.7 0.7 0.243607568156 0.41836426283 0.756392431844
71 0.7 0.8 0.253097987064 0.419573233392 0.746902012936
72 0.8 0.0 0.256120413468 0.465211872091 0.743879586532
73 0.8 0.1 0.303814302122 0.430998005199 0.696185697878
74 0.8 0.2 0.277640089464 0.410626851236 0.722359910536
75 0.8 0.3 0.279453545306 0.40706038808 0.720546454694
76 0.8 0.4 0.246992685728 0.43033307139 0.753007314272
77 0.8 0.5 0.264885450039 0.379012271051 0.735114549961
78 0.8 0.6 0.259868222209 0.391222873723 0.740131777791
79 0.8 0.7 0.278305023273 0.399987910294 0.721694976727
80 0.8 0.8 0.260110016321 0.39823490298 0.739889983679
