0 500 0.241975457898 0.39037659433 0.758024542102
1 1000 0.305204618268 0.480505349695 0.694795381732
2 1500 0.353200749562 0.535513510246 0.646799250438
3 2000 0.367647947772 0.588043281146 0.632352052228
4 2500 0.386628785589 0.582663362147 0.613371214411
5 3000 0.363900139032 0.650123919483 0.636099860968
6 3500 0.394426645711 0.654113522336 0.605573354289
7 4000 0.427673336154 0.670495073445 0.572326663846
8 4500 0.413588829112 0.669830139636 0.586411170888
9 5000 0.419089645167 0.692437889137 0.580910354833
10 5500 0.423865078885 0.7005379919 0.576134921115
11 6000 0.464728283866 0.664933808862 0.535271716134
12 6500 0.441153357916 0.708275403494 0.558846642084
13 7000 0.452215438554 0.681496705555 0.547784561446
14 7500 0.472223901348 0.683128815813 0.527776098652
15 8000 0.448951218038 0.721211388503 0.551048781962
16 8500 0.451852747386 0.722359910536 0.548147252614
17 9000 0.434866710996 0.753309556912 0.565133289004
18 9500 0.417699329021 0.769993350662 0.582300670979
19 10000 0.466783533821 0.728042072176 0.533216466179
