0 0.0 0.0 0.714899178491 10.9619118745 0.285100821509
1 0.0 0.1 0.695855115758 11.28678118 0.304144884242
2 0.0 0.2 0.682972367438 11.3752800597 0.317027632562
3 0.0 0.3 0.692307692308 11.3411127707 0.307692307692
4 0.0 0.4 0.675504107543 11.4968259895 0.324495892457
5 0.0 0.5 0.709484690067 11.1142643764 0.290515309933
6 0.0 0.6 0.655899925317 11.2283420463 0.344100074683
7 0.0 0.7 0.684652725915 11.2356235997 0.315347274085
8 0.0 0.8 0.628640776699 11.1230395818 0.371359223301
9 0.1 0.0 0.687640029873 10.6964152353 0.312359970127
10 0.1 0.1 0.662621359223 10.8844286781 0.337378640777
11 0.1 0.2 0.682225541449 11.0281926811 0.317774458551
12 0.1 0.3 0.674943988051 10.853622106 0.325056011949
13 0.1 0.4 0.652725914862 11.0877520538 0.347274085138
14 0.1 0.5 0.625840179238 10.964712472 0.374159820762
15 0.1 0.6 0.642083644511 11.2401045556 0.357916355489
16 0.1 0.7 0.603622106049 10.7380507842 0.396377893951
17 0.1 0.8 0.597087378641 10.7748319642 0.402912621359
18 0.2 0.0 0.713778939507 10.9699402539 0.286221060493
19 0.2 0.1 0.610156833458 10.4964525765 0.389843166542
20 0.2 0.2 0.702203136669 10.5631067961 0.297796863331
21 0.2 0.3 0.594473487677 9.69734876774 0.405526512323
22 0.2 0.4 0.685959671397 10.5560119492 0.314040328603
23 0.2 0.5 0.627707244212 10.5554518297 0.372292755788
24 0.2 0.6 0.616131441374 10.5037341299 0.383868558626
25 0.2 0.7 0.651979088872 10.4538834951 0.348020911128
26 0.2 0.8 0.560492905153 10.0625466766 0.439507094847
27 0.3 0.0 0.661314413742 10.1547796863 0.338685586258
28 0.3 0.1 0.654219566841 10.461725168 0.345780433159
29 0.3 0.2 0.643950709485 10.3711725168 0.356049290515
30 0.3 0.3 0.682598954444 10.8840552651 0.317401045556
31 0.3 0.4 0.629761015683 10.5589992532 0.370238984317
32 0.3 0.5 0.598207617625 9.84876773712 0.401792382375
33 0.3 0.6 0.626773711725 10.2681105302 0.373226288275
34 0.3 0.7 0.640963405527 10.4833831217 0.359036594473
35 0.3 0.8 0.600074682599 10.1064227035 0.399925317401
36 0.4 0.0 0.693427931292 10.1917475728 0.306572068708
37 0.4 0.1 0.660567587752 10.2303958178 0.339432412248
38 0.4 0.2 0.637042569081 10.0718820015 0.362957430919
39 0.4 0.3 0.622479462285 9.81049290515 0.377520537715
40 0.4 0.4 0.624533233757 9.9930918596 0.375466766243
41 0.4 0.5 0.616318147872 10.1631814787 0.383681852128
42 0.4 0.6 0.613144137416 9.46247199403 0.386855862584
43 0.4 0.7 0.581030619866 9.25392083645 0.418969380134
44 0.4 0.8 0.570761762509 9.61538461538 0.429238237491
45 0.5 0.0 0.646751306945 9.38928304705 0.353248693055
46 0.5 0.1 0.645817774459 9.81964152353 0.354182225541
47 0.5 0.2 0.650298730396 10.034167289 0.349701269604
48 0.5 0.3 0.636109036594 9.50616131441 0.363890963406
49 0.5 0.4 0.621359223301 9.7145257655 0.378640776699
50 0.5 0.5 0.571135175504 8.94510828977 0.428864824496
51 0.5 0.6 0.616504854369 9.34466019417 0.383495145631
52 0.5 0.7 0.539395070948 8.65832710978 0.460604929052
53 0.5 0.8 0.579910380881 9.38610903659 0.420089619119
54 0.6 0.0 0.598767737117 8.75354742345 0.401232262883
55 0.6 0.1 0.646751306945 9.85492905153 0.353248693055
56 0.6 0.2 0.649738610904 9.17718446602 0.350261389096
57 0.6 0.3 0.588872292756 8.64525765497 0.411127707244
58 0.6 0.4 0.571135175504 8.89208364451 0.428864824496
59 0.6 0.5 0.599327856609 9.06721433906 0.400672143391
60 0.6 0.6 0.521471247199 8.52333831217 0.478528752801
61 0.6 0.7 0.630321135176 9.52483196415 0.369678864824
62 0.6 0.8 0.572068707991 8.25168035848 0.427931292009
63 0.7 0.0 0.642270351008 8.79854368932 0.357729648992
64 0.7 0.1 0.656833457804 9.44604182226 0.343166542196
65 0.7 0.2 0.619865571322 9.06814787155 0.380134428678
66 0.7 0.3 0.63853622106 9.3932038835 0.36146377894
67 0.7 0.4 0.610530246453 9.13480209111 0.389469753547
68 0.7 0.5 0.588685586258 8.88890963406 0.411314413742
69 0.7 0.6 0.53211351755 8.20351008215 0.46788648245
70 0.7 0.7 0.582524271845 8.12061239731 0.417475728155
71 0.7 0.8 0.55283793876 7.93670649739 0.44716206124
72 0.8 0.0 0.670089619119 9.74029126214 0.329910380881
73 0.8 0.1 0.660754294249 9.11949215833 0.339245705751
74 0.8 0.2 0.607916355489 8.92587752054 0.392083644511
75 0.8 0.3 0.53211351755 7.77557879014 0.46788648245
76 0.8 0.4 0.599327856609 8.38312173264 0.400672143391
77 0.8 0.5 0.575056011949 8.39899178491 0.424943988051
78 0.8 0.6 0.59073935773 8.78808812547 0.40926064227
79 0.8 0.7 0.548170276326 8.39488424197 0.451829723674
80 0.8 0.8 0.555638536221 7.24962658701 0.444361463779
