0 0.3 0.1 0.323580970803 0.600435229402 0.676419029197
1 0.3 0.15 0.32370186786 0.601704648492 0.67629813214
2 0.3 0.2 0.344919301215 0.558725745028 0.655080698785
3 0.433333333333 0.1 0.317838360636 0.554917487759 0.682161639364
4 0.433333333333 0.15 0.315480868041 0.536117995527 0.684519131959
5 0.433333333333 0.2 0.284289427552 0.552257752524 0.715710572448
6 0.566666666667 0.1 0.288097684821 0.440307078523 0.711902315179
7 0.566666666667 0.15 0.274859457172 0.428882306716 0.725140542828
8 0.566666666667 0.2 0.284410324609 0.45959015898 0.715589675391
9 0.7 0.1 0.215015414375 0.341352838058 0.784984585625
10 0.7 0.15 0.239315722662 0.372665175603 0.760684277338
11 0.7 0.2 0.241008281448 0.388744484072 0.758991718552
