0 0.0 0.0 0.591486183719 7.51680358476 0.408513816281
1 0.0 0.1 0.562920089619 7.92233009709 0.437079910381
2 0.0 0.2 0.519604182226 7.33532486931 0.480395817774
3 0.0 0.3 0.559372666169 7.61781179985 0.440627333831
4 0.0 0.4 0.514749813294 7.52931292009 0.485250186706
5 0.0 0.5 0.544249439881 7.25933532487 0.455750560119
6 0.0 0.6 0.498132935026 7.21359223301 0.501867064974
7 0.0 0.7 0.523151605676 7.23805078417 0.476848394324
8 0.0 0.8 0.450336071695 7.12079910381 0.549663928305
9 0.1 0.0 0.548170276326 7.27352501867 0.451829723674
10 0.1 0.1 0.527072442121 7.28864824496 0.472927557879
11 0.1 0.2 0.514376400299 7.07636295743 0.485623599701
12 0.1 0.3 0.499066467513 6.964339059 0.500933532487
13 0.1 0.4 0.497199402539 7.08140403286 0.502800597461
14 0.1 0.5 0.43932038835 6.61837191934 0.56067961165
15 0.1 0.6 0.463778939507 6.93726661688 0.536221060493
16 0.1 0.7 0.407393577296 6.41766243465 0.592606422704
17 0.1 0.8 0.413928304705 6.49663928305 0.586071695295
18 0.2 0.0 0.577296489918 7.16822255414 0.422703510082
19 0.2 0.1 0.437640029873 6.54835698282 0.562359970127
20 0.2 0.2 0.53286034354 6.59951456311 0.46713965646
21 0.2 0.3 0.401792382375 5.98170276326 0.598207617625
22 0.2 0.4 0.502987303958 6.54144884242 0.497012696042
23 0.2 0.5 0.469193427931 6.4499626587 0.530806572069
24 0.2 0.6 0.417662434653 6.18446601942 0.582337565347
25 0.2 0.7 0.444361463779 6.21882001494 0.555638536221
26 0.2 0.8 0.342233009709 5.25224047797 0.657766990291
27 0.3 0.0 0.523898431665 6.51867064974 0.476101568335
28 0.3 0.1 0.466952949963 6.31067961165 0.533047050037
29 0.3 0.2 0.483756534727 6.45070948469 0.516243465273
30 0.3 0.3 0.514936519791 6.63069454817 0.485063480209
31 0.3 0.4 0.452203136669 6.48805078417 0.547796863331
32 0.3 0.5 0.412808065721 5.6997759522 0.587191934279
33 0.3 0.6 0.443427931292 6.12546676624 0.556572068708
34 0.3 0.7 0.450896191187 5.63386855863 0.549103808813
35 0.3 0.8 0.411874533234 5.63368185213 0.588125466766
36 0.4 0.0 0.530806572069 6.12415982076 0.469193427931
37 0.4 0.1 0.474794622853 6.02763256161 0.525205377147
38 0.4 0.2 0.458364451083 6.03155339806 0.541635548917
39 0.4 0.3 0.450522778193 5.8429798357 0.549477221807
40 0.4 0.4 0.432225541449 5.77595220314 0.567774458551
41 0.4 0.5 0.422330097087 5.71994025392 0.577669902913
42 0.4 0.6 0.432412247946 5.03080657207 0.567587752054
43 0.4 0.7 0.36146377894 4.74906646751 0.63853622106
44 0.4 0.8 0.362023898432 4.62658700523 0.637976101568
45 0.5 0.0 0.49570575056 5.86501120239 0.50429424944
46 0.5 0.1 0.465272591486 5.63909634055 0.534727408514
47 0.5 0.2 0.448282300224 5.68147871546 0.551717699776
48 0.5 0.3 0.472927557879 5.72199402539 0.527072442121
49 0.5 0.4 0.40496639283 5.28678117999 0.59503360717
50 0.5 0.5 0.355489171023 4.75466766243 0.644510828977
51 0.5 0.6 0.416915608663 4.99477221807 0.583084391337
52 0.5 0.7 0.331777445855 3.97759522031 0.668222554145
53 0.5 0.8 0.377520537715 4.64525765497 0.622479462285
54 0.6 0.0 0.456870799104 5.38032113518 0.543129200896
55 0.6 0.1 0.466766243465 5.82412247946 0.533233756535
56 0.6 0.2 0.465646004481 5.31572068708 0.534353995519
57 0.6 0.3 0.370238984317 4.64880507842 0.629761015683
58 0.6 0.4 0.388349514563 4.81011949216 0.611650485437
59 0.6 0.5 0.393764002987 4.85306198656 0.606235997013
60 0.6 0.6 0.322442120986 4.27371172517 0.677557879014
61 0.6 0.7 0.412994772218 4.59484690067 0.587005227782
62 0.6 0.8 0.338125466766 3.20089619119 0.661874533234
63 0.7 0.0 0.471247199403 5.04182225541 0.528752800597
64 0.7 0.1 0.483756534727 5.50280059746 0.516243465273
65 0.7 0.2 0.432785660941 5.20612397311 0.567214339059
66 0.7 0.3 0.432412247946 4.85212845407 0.567587752054
67 0.7 0.4 0.404406273338 4.51941747573 0.595593726662
68 0.7 0.5 0.358849887976 4.0855115758 0.641150112024
69 0.7 0.6 0.336258401792 3.78267363704 0.663741598208
70 0.7 0.7 0.36930545183 3.16896938013 0.63069454817
71 0.7 0.8 0.363144137416 3.72908887229 0.636855862584
72 0.8 0.0 0.503734129948 5.78958177745 0.496265870052
73 0.8 0.1 0.481329350261 5.11277072442 0.518670649739
74 0.8 0.2 0.418222554145 4.75448095594 0.581777445855
75 0.8 0.3 0.353995519044 4.11762509335 0.646004480956
76 0.8 0.4 0.390776699029 4.13200149365 0.609223300971
77 0.8 0.5 0.368185212845 3.90179238237 0.631814787155
78 0.8 0.6 0.36146377894 3.86967886482 0.63853622106
79 0.8 0.7 0.333271097834 3.60941000747 0.666728902166
80 0.8 0.8 0.351568334578 2.54817027633 0.648431665422
