0 500 0.480209111277 7.27763256161 0.519790888723
1 1000 0.646377893951 10.4344660194 0.353622106049
2 1500 0.756348020911 12.1850261389 0.243651979089
3 2000 0.824682598954 13.4410007468 0.175317401046
4 2500 0.84073935773 14.1575802838 0.15926064227
5 3000 0.841672890217 14.960978342 0.158327109783
6 3500 0.87285287528 15.1988424197 0.12714712472
7 4000 0.882001493652 15.2475728155 0.117998506348
8 4500 0.891523525019 15.6146377894 0.108476474981
9 5000 0.892083644511 15.6861463779 0.107916355489
10 5500 0.92214339059 16.3258028379 0.07785660941
11 6000 0.911501120239 16.8134802091 0.088498879761
12 6500 0.914675130695 16.6842793129 0.0853248693055
13 7000 0.919156086632 16.9684466019 0.0808439133682
14 7500 0.912994772218 17.1318147872 0.0870052277819
15 8000 0.905526512323 17.3666915609 0.0944734876774
16 8500 0.924943988051 17.2729648992 0.0750560119492
17 9000 0.930545182972 17.4165421957 0.0694548170276
18 9500 0.927557879014 17.4925317401 0.0724421209858
19 10000 0.942494398805 17.6848394324 0.0575056011949
