0 0.3 0.1 0.212234782083 0.397993108868 0.787765217917
1 0.3 0.15 0.229462612585 0.417880674606 0.770537387415
2 0.3 0.2 0.230852928731 0.381188418062 0.769147071269
3 0.4 0.1 0.184065767999 0.329202683915 0.815934232001
4 0.4 0.15 0.188176267908 0.334522154386 0.811823732092
5 0.4 0.2 0.16955812126 0.327631022185 0.83044187874
6 0.6 0.1 0.112676056338 0.212416127667 0.887323943662
7 0.6 0.15 0.0988937919362 0.204557819017 0.901106208064
8 0.6 0.2 0.120413467932 0.235265671281 0.879586532068
9 0.7 0.1 0.0498095871366 0.13903161458 0.950190412863
10 0.7 0.15 0.0606903221907 0.165205827238 0.939309677809
11 0.7 0.2 0.083298071692 0.171311128574 0.916701928308
