0 0.0 0.0 0.181768723932 0.322795139938 0.818231276068
1 0.0 0.1 0.193677083963 0.301759052167 0.806322916037
2 0.0 0.2 0.194523363356 0.334824397026 0.805476636644
3 0.0 0.3 0.187934473796 0.346914102642 0.812065526204
4 0.0 0.4 0.175421628483 0.336637852868 0.824578371517
5 0.0 0.5 0.186362812066 0.329444478027 0.813637187934
6 0.0 0.6 0.189445686998 0.302544883032 0.810554313002
7 0.0 0.7 0.175663422596 0.337181889621 0.824336577404
8 0.0 0.8 0.17427310645 0.306534485885 0.82572689355
9 0.1 0.0 0.162606540531 0.325696669286 0.837393459469
10 0.1 0.1 0.178927643112 0.316266698906 0.821072356888
11 0.1 0.2 0.160249047936 0.280239376171 0.839750952064
12 0.1 0.3 0.159221422958 0.313546515142 0.840778577042
13 0.1 0.4 0.167079731609 0.301577706583 0.832920268391
14 0.1 0.5 0.16200205525 0.275645288037 0.83799794475
15 0.1 0.6 0.163150577283 0.284833464305 0.836849422717
16 0.1 0.7 0.154687783352 0.308166596143 0.845312216648
17 0.1 0.8 0.137520401378 0.261681678051 0.862479598622
18 0.2 0.0 0.18370307683 0.314997279816 0.81629692317
19 0.2 0.1 0.155957202442 0.270748957263 0.844042797558
20 0.2 0.2 0.143625702714 0.278607265913 0.856374297286
21 0.2 0.3 0.196518164783 0.287251405428 0.803481835217
22 0.2 0.4 0.143323460074 0.272743758689 0.856676539926
23 0.2 0.5 0.128936710391 0.266094420601 0.871063289609
24 0.2 0.6 0.142718974793 0.280239376171 0.857281025207
25 0.2 0.7 0.149549658466 0.270990751375 0.850450341534
26 0.2 0.8 0.138124886659 0.261016744242 0.861875113341
27 0.3 0.0 0.171250680046 0.30073142719 0.828749319954
28 0.3 0.1 0.134981563199 0.277640089464 0.865018436801
29 0.3 0.2 0.141147313063 0.276552015958 0.858852686937
30 0.3 0.3 0.154748231881 0.283140905519 0.845251768119
31 0.3 0.4 0.147192165871 0.249712869492 0.852807834129
32 0.3 0.5 0.157528864172 0.275524390981 0.842471135828
33 0.3 0.6 0.135102460255 0.248080759234 0.864897539745
34 0.3 0.7 0.139756996917 0.246509097503 0.860243003083
35 0.3 0.8 0.129782989784 0.236958230067 0.870217010216
36 0.4 0.0 0.142537629209 0.25763162667 0.857462370791
37 0.4 0.1 0.133409901469 0.264825001511 0.866590098531
38 0.4 0.2 0.163211025812 0.282899111407 0.836788974188
39 0.4 0.3 0.118962703258 0.227346914103 0.881037296742
40 0.4 0.4 0.124705313426 0.24662999456 0.875294686574
41 0.4 0.5 0.123012754639 0.251042737109 0.876987245361
42 0.4 0.6 0.13087106329 0.225654355316 0.86912893671
43 0.4 0.7 0.0912168288702 0.2101190836 0.90878317113
44 0.4 0.8 0.126579217796 0.227951399383 0.873420782204
45 0.5 0.0 0.123012754639 0.253883817929 0.876987245361
46 0.5 0.1 0.141630901288 0.251586773862 0.858369098712
47 0.5 0.2 0.124947107538 0.247476273953 0.875052892462
48 0.5 0.3 0.101553527172 0.204074230792 0.898446472828
49 0.5 0.4 0.125491144291 0.233512663967 0.874508855709
50 0.5 0.5 0.0989542404642 0.216345281992 0.901045759536
51 0.5 0.6 0.103246085958 0.221302061295 0.896753914042
52 0.5 0.7 0.0976848213746 0.212597473252 0.902315178625
53 0.5 0.8 0.0958109170042 0.200628664692 0.904189082996
54 0.6 0.0 0.104152813879 0.227528259687 0.895847186121
55 0.6 0.1 0.123496342864 0.246267303391 0.876503657136
56 0.6 0.2 0.0967780934534 0.213625098229 0.903221906547
57 0.6 0.3 0.0977452699027 0.213322855588 0.902254730097
58 0.6 0.4 0.103366983014 0.224384936227 0.896633016986
59 0.6 0.5 0.0886175421628 0.208124282174 0.911382457837
60 0.6 0.6 0.100223659554 0.201716738197 0.899776340446
61 0.6 0.7 0.113824578372 0.202563017591 0.886175421628
62 0.6 0.8 0.106389409418 0.207519796893 0.893610590582
63 0.7 0.0 0.100586350722 0.222631928913 0.899413649278
64 0.7 0.1 0.141691349816 0.251042737109 0.858308650184
65 0.7 0.2 0.0911563803421 0.212416127667 0.908843619658
66 0.7 0.3 0.10034455661 0.208668318926 0.89965544339
67 0.7 0.4 0.0916399685668 0.184186665055 0.908360031433
68 0.7 0.5 0.0993169316327 0.209695943904 0.900683068367
69 0.7 0.6 0.0875294686574 0.188236716436 0.912470531343
70 0.7 0.7 0.0859578069274 0.193556186907 0.914042193073
71 0.7 0.8 0.0907936891737 0.183823973886 0.909206310826
72 0.8 0.0 0.105361784441 0.233210421326 0.894638215559
73 0.8 0.1 0.107114791755 0.213685546757 0.892885208245
74 0.8 0.2 0.0884966451067 0.194160672188 0.911503354893
75 0.8 0.3 0.0972616816781 0.197183098592 0.902738318322
76 0.8 0.4 0.0831167261077 0.199057002962 0.916883273892
77 0.8 0.5 0.0813637187934 0.162787886115 0.918636281207
78 0.8 0.6 0.0811219246811 0.179229885752 0.918878075319
79 0.8 0.7 0.0909750347579 0.17300368736 0.909024965242
80 0.8 0.8 0.086441395152 0.177053738741 0.913558604848
