0 500 0.102339358037 0.189808378166 0.897660641963
1 1000 0.139454754277 0.250256906244 0.860545245723
2 1500 0.197727135344 0.316750287131 0.802272864656
3 2000 0.22807229644 0.363114308167 0.77192770356
4 2500 0.226863325878 0.377863749018 0.773136674122
5 3000 0.235023877169 0.432569666929 0.764976122831
6 3500 0.279695339418 0.46775071027 0.720304660582
7 4000 0.317596566524 0.503717584477 0.682403433476
8 4500 0.31300247839 0.496282415523 0.68699752161
9 5000 0.32086078704 0.523846944327 0.67913921296
10 5500 0.336154264644 0.549900259929 0.663845735356
11 6000 0.369824094783 0.504624312398 0.630175905217
12 6500 0.353926131899 0.561748171432 0.646073868101
13 7000 0.349936529046 0.516532672429 0.650063470954
14 7500 0.371879344738 0.532672429426 0.628120655262
15 8000 0.359185153842 0.56053920087 0.640814846158
16 8500 0.364383727256 0.585988031191 0.635616272744
17 9000 0.356767212718 0.608595780693 0.643232787282
18 9500 0.33814906607 0.614096596748 0.66185093393
19 10000 0.380281690141 0.580245421024 0.619718309859
