0 500 0.435531644804 0.705071631506 0.564468355196
1 1000 0.432327872816 0.747869189385 0.567672127184
2 1500 0.413709726168 0.699026778698 0.586290273832
3 2000 0.45203409297 0.743516895364 0.54796590703
4 2500 0.438433174152 0.724233814907 0.561566825848
5 3000 0.394245300127 0.756452880372 0.605754699873
6 3500 0.417699329021 0.707187329989 0.582300670979
7 4000 0.44290636523 0.731608535332 0.55709363477
8 4500 0.434080880131 0.750589373149 0.565919119869
9 5000 0.43093755667 0.760986519978 0.56906244333
10 5500 0.418424711358 0.738620564589 0.581575288642
11 6000 0.44574744605 0.668077132322 0.55425255395
12 6500 0.448407181285 0.754216284833 0.551592818715
13 7000 0.44919301215 0.72381067521 0.55080698785
14 7500 0.475669467448 0.716738197425 0.524330532552
15 8000 0.437586894759 0.774587438796 0.562413105241
16 8500 0.416309012876 0.753007314272 0.583690987124
17 9000 0.439400350601 0.714985190111 0.560599649399
18 9500 0.386024300308 0.792601100163 0.613975699692
19 10000 0.458441636946 0.719518829716 0.541558363054
