0 0.0 0.0 0.822255414488 13.5935399552 0.177744585512
1 0.0 0.1 0.783607169529 13.9686333084 0.216392830471
2 0.0 0.2 0.759708737864 13.6977221807 0.240291262136
3 0.0 0.3 0.731889469754 13.1118371919 0.268110530246
4 0.0 0.4 0.760828976848 14.1465646004 0.239171023152
5 0.0 0.5 0.75 12.3601568335 0.25
6 0.0 0.6 0.722740851382 13.4600448096 0.277259148618
7 0.0 0.7 0.75429424944 13.4100074683 0.24570575056
8 0.0 0.8 0.653286034354 12.9204630321 0.346713965646
9 0.1 0.0 0.779126213592 13.3715459298 0.220873786408
10 0.1 0.1 0.74570575056 12.9858103062 0.25429424944
11 0.1 0.2 0.728528752801 13.3717326363 0.271471247199
12 0.1 0.3 0.720873786408 12.3883495146 0.279126213592
13 0.1 0.4 0.708737864078 13.3442867812 0.291262135922
14 0.1 0.5 0.699029126214 13.1127707244 0.300970873786
15 0.1 0.6 0.719566840926 13.1743838686 0.280433159074
16 0.1 0.7 0.650298730396 11.6122106049 0.349701269604
17 0.1 0.8 0.606609410007 11.9852501867 0.393390589993
18 0.2 0.0 0.809185959671 13.1939880508 0.190814040329
19 0.2 0.1 0.710044809559 12.7598954444 0.289955190441
20 0.2 0.2 0.782486930545 12.574309186 0.217513069455
21 0.2 0.3 0.540515309933 10.5670276326 0.459484690067
22 0.2 0.4 0.733383121733 12.4867438387 0.266616878267
23 0.2 0.5 0.683345780433 12.7585884989 0.316654219567
24 0.2 0.6 0.662994772218 12.6814787155 0.337005227782
25 0.2 0.7 0.666168782674 12.247012696 0.333831217326
26 0.2 0.8 0.514376400299 11.1390963406 0.485623599701
27 0.3 0.0 0.744585511576 12.3691187453 0.255414488424
28 0.3 0.1 0.742905153099 13.3976848394 0.257094846901
29 0.3 0.2 0.668409260642 11.9105675878 0.331590739358
30 0.3 0.3 0.741971620612 13.8545556385 0.258028379388
31 0.3 0.4 0.709484690067 12.927557879 0.290515309933
32 0.3 0.5 0.554705003734 10.1855862584 0.445294996266
33 0.3 0.6 0.685959671397 11.8142270351 0.314040328603
34 0.3 0.7 0.6428304705 12.4878640777 0.3571695295
35 0.3 0.8 0.638909634055 11.9865571322 0.361090365945
36 0.4 0.0 0.764936519791 12.4703136669 0.235063480209
37 0.4 0.1 0.69716206124 12.2612023898 0.30283793876
38 0.4 0.2 0.646191187453 11.1301344287 0.353808812547
39 0.4 0.3 0.680545182972 12.3687453323 0.319454817028
40 0.4 0.4 0.706310679612 12.8868558626 0.293689320388
41 0.4 0.5 0.649925317401 11.6657953697 0.350074682599
42 0.4 0.6 0.706310679612 12.074682599 0.293689320388
43 0.4 0.7 0.52072442121 10.4656460045 0.47927557879
44 0.4 0.8 0.534727408514 10.7923823749 0.465272591486
45 0.5 0.0 0.696788648245 11.071695295 0.303211351755
46 0.5 0.1 0.685399551904 11.6751306945 0.314600448096
47 0.5 0.2 0.6928678118 11.9858103062 0.3071321882
48 0.5 0.3 0.677744585512 12.5229648992 0.322255414488
49 0.5 0.4 0.636295743092 11.0868185213 0.363704256908
50 0.5 0.5 0.542008961912 9.69473487677 0.457991038088
51 0.5 0.6 0.586258401792 9.90085884989 0.413741598208
52 0.5 0.7 0.507094846901 10.2819268111 0.492905153099
53 0.5 0.8 0.596340552651 11.1097834205 0.403659447349
54 0.6 0.0 0.705190440627 11.356235997 0.294809559373
55 0.6 0.1 0.709858103062 11.9536967886 0.290141896938
56 0.6 0.2 0.660754294249 10.5227781927 0.339245705751
57 0.6 0.3 0.54929051531 9.50037341299 0.45070948469
58 0.6 0.4 0.554144884242 10.1310679612 0.445855115758
59 0.6 0.5 0.612584017924 9.48263629574 0.387415982076
60 0.6 0.6 0.49141150112 9.12584017924 0.50858849888
61 0.6 0.7 0.599701269604 11.0123226288 0.400298730396
62 0.6 0.8 0.455937266617 9.34372666169 0.544062733383
63 0.7 0.0 0.6357356236 9.59185959671 0.3642643764
64 0.7 0.1 0.688013442868 10.9212098581 0.311986557132
65 0.7 0.2 0.69212098581 11.2188200149 0.30787901419
66 0.7 0.3 0.669156086632 11.8147871546 0.330843913368
67 0.7 0.4 0.625280059746 10.0634802091 0.374719940254
68 0.7 0.5 0.572068707991 10.2946228529 0.427931292009
69 0.7 0.6 0.513629574309 9.61594473488 0.486370425691
70 0.7 0.7 0.47927557879 8.44137415982 0.52072442121
71 0.7 0.8 0.493651979089 8.30862584018 0.506348020911
72 0.8 0.0 0.714712471994 12.0067214339 0.285287528006
73 0.8 0.1 0.674197162061 10.0440627334 0.325802837939
74 0.8 0.2 0.620425690814 10.7044436146 0.379574309186
75 0.8 0.3 0.459484690067 7.99383868559 0.540515309933
76 0.8 0.4 0.55358476475 8.72348767737 0.44641523525
77 0.8 0.5 0.556198655713 8.80265123226 0.443801344287
78 0.8 0.6 0.580843913368 10.4001120239 0.419156086632
79 0.8 0.7 0.483009708738 8.96228528753 0.516990291262
80 0.8 0.8 0.408327109783 6.73898431665 0.591672890217
