0 500 0.645817774459 10.9475354742 0.354182225541
1 1000 0.695855115758 12.2513069455 0.304144884242
2 1500 0.768297236744 13.6488050784 0.231702763256
3 2000 0.773525018671 13.46321882 0.226474981329
4 2500 0.763816280807 13.2249813294 0.236183719193
5 3000 0.760642270351 13.8459671397 0.239357729649
6 3500 0.739544436146 13.6924943988 0.260455563854
7 4000 0.789768483943 13.6060492905 0.210231516057
8 4500 0.735063480209 13.1064227035 0.264936519791
9 5000 0.688200149365 13.0177371173 0.311799850635
10 5500 0.800410754294 13.5311799851 0.199589245706
11 6000 0.762696041822 13.1773711725 0.237303958178
12 6500 0.766243465273 12.9802091113 0.233756534727
13 7000 0.769044062733 13.4406273338 0.230955937267
14 7500 0.773711725168 13.9705003734 0.226288274832
15 8000 0.701643017177 13.0591859597 0.298356982823
16 8500 0.761202389843 13.2410380881 0.238797610157
17 9000 0.712098581031 12.6979088872 0.287901418969
18 9500 0.744025392084 12.2421583271 0.255974607916
19 10000 0.769044062733 13.3749066468 0.230955937267
