0 0.3 0.1 0.825802837939 12.2996639283 0.174197162061
1 0.3 0.15 0.826923076923 11.4049663928 0.173076923077
2 0.3 0.2 0.807505601195 10.2081777446 0.192494398805
3 0.433333333333 0.1 0.760828976848 13.818334578 0.239171023152
4 0.433333333333 0.15 0.800224047797 13.645257655 0.199775952203
5 0.433333333333 0.2 0.793315907394 12.4193427931 0.206684092606
6 0.566666666667 0.1 0.561239731143 11.536034354 0.438760268857
7 0.566666666667 0.15 0.63144137416 11.1473114264 0.36855862584
8 0.566666666667 0.2 0.642270351008 11.0289395071 0.357729648992
9 0.7 0.1 0.374159820762 6.85959671397 0.625840179238
10 0.7 0.15 0.328976848394 6.40944734877 0.671023151606
11 0.7 0.2 0.494398805078 8.57692307692 0.505601194922
