0 0.0 0.0 0.482923290818 0.760200689113 0.517076709182
1 0.0 0.1 0.494952547905 0.749440851115 0.505047452095
2 0.0 0.2 0.464063350057 0.778939732818 0.535936649943
3 0.0 0.3 0.43220697576 0.782868887143 0.56779302424
4 0.0 0.4 0.421568034818 0.777730762256 0.578431965182
5 0.0 0.5 0.466964879405 0.785830865018 0.533035120595
6 0.0 0.6 0.477120232122 0.742912410083 0.522879767878
7 0.0 0.7 0.428398718491 0.778033004896 0.571601281509
8 0.0 0.8 0.443027262286 0.765399262528 0.556972737714
9 0.1 0.0 0.440972012331 0.794112313365 0.559027987669
10 0.1 0.1 0.448528078341 0.753430453968 0.551471921659
11 0.1 0.2 0.49102339358 0.755969292148 0.50897660642
12 0.1 0.3 0.428338269963 0.75022668198 0.571661730037
13 0.1 0.4 0.442725019646 0.760563380282 0.557274980354
14 0.1 0.5 0.452275887082 0.728102520704 0.547724112918
15 0.1 0.6 0.46333796772 0.741884785105 0.53666203228
16 0.1 0.7 0.470289548449 0.763464909629 0.529710451551
17 0.1 0.8 0.448104938645 0.760986519978 0.551895061355
18 0.2 0.0 0.455056519374 0.747325152633 0.544943480626
19 0.2 0.1 0.447137762195 0.747204255576 0.552862237805
20 0.2 0.2 0.436438372726 0.780330048963 0.563561627274
21 0.2 0.3 0.472042555764 0.761107417034 0.527957444236
22 0.2 0.4 0.423200145076 0.750528924621 0.576799854924
23 0.2 0.5 0.42120534365 0.735174998489 0.57879465635
24 0.2 0.6 0.424409115638 0.741945233634 0.575590884362
25 0.2 0.7 0.437586894759 0.725563682524 0.562413105241
26 0.2 0.8 0.420056821616 0.733724233815 0.579943178384
27 0.3 0.0 0.451006467993 0.740978057184 0.548993532007
28 0.3 0.1 0.437586894759 0.791150335489 0.562413105241
29 0.3 0.2 0.409720123315 0.722722601705 0.590279876685
30 0.3 0.3 0.413830623224 0.749440851115 0.586169376776
31 0.3 0.4 0.46902012936 0.72411291785 0.53097987064
32 0.3 0.5 0.434745813939 0.743275101251 0.565254186061
33 0.3 0.6 0.443692196095 0.729432388321 0.556307803905
34 0.3 0.7 0.450583328296 0.691833403857 0.549416671704
35 0.3 0.8 0.436740615366 0.748292329082 0.563259384634
36 0.4 0.0 0.435592093333 0.752463277519 0.564407906667
37 0.4 0.1 0.423744181829 0.761772350843 0.576255818171
38 0.4 0.2 0.439037659433 0.734328719096 0.560962340567
39 0.4 0.3 0.43220697576 0.738136976365 0.56779302424
40 0.4 0.4 0.457595357553 0.75778274799 0.542404642447
41 0.4 0.5 0.421023998066 0.729069697153 0.578976001934
42 0.4 0.6 0.442362328477 0.696911080215 0.557637671523
43 0.4 0.7 0.401438674968 0.666928610288 0.598561325032
44 0.4 0.8 0.459106570755 0.718128513571 0.540893429245
45 0.5 0.0 0.391162425195 0.716435954785 0.608837574805
46 0.5 0.1 0.433718188962 0.760261137641 0.566281811038
47 0.5 0.2 0.422414314211 0.725563682524 0.577585685789
48 0.5 0.3 0.404400652844 0.74394003506 0.595599347156
49 0.5 0.4 0.462310342743 0.774708335852 0.537689657257
50 0.5 0.5 0.425376292087 0.709786616696 0.574623707913
51 0.5 0.6 0.419512784864 0.705313425618 0.580487215136
52 0.5 0.7 0.395756513329 0.712204557819 0.604243486671
53 0.5 0.8 0.395816961857 0.690503536239 0.604183038143
54 0.6 0.0 0.43692196095 0.728344314816 0.56307803905
55 0.6 0.1 0.407785770416 0.730339116243 0.592214229584
56 0.6 0.2 0.388200447319 0.77603820347 0.611799552681
57 0.6 0.3 0.384150395938 0.691531161216 0.615849604062
58 0.6 0.4 0.408088013057 0.749199057003 0.591911986943
59 0.6 0.5 0.397993108868 0.73136674122 0.602006891132
60 0.6 0.6 0.413407483528 0.684579580487 0.586592516472
61 0.6 0.7 0.411412682101 0.613129420299 0.588587317899
62 0.6 0.8 0.409599226259 0.663845735356 0.590400773741
63 0.7 0.0 0.38753551351 0.742610167442 0.61246448649
64 0.7 0.1 0.404763344013 0.703923109472 0.595236655987
65 0.7 0.2 0.401982711721 0.738499667533 0.598017288279
66 0.7 0.3 0.399564770598 0.706341050595 0.600435229402
67 0.7 0.4 0.427129299402 0.709242579943 0.572870700598
68 0.7 0.5 0.412742549719 0.769328416853 0.587257450281
69 0.7 0.6 0.404823792541 0.691954300913 0.595176207459
70 0.7 0.7 0.405307380765 0.741038505712 0.594692619235
71 0.7 0.8 0.395272925104 0.668802514659 0.604727074896
72 0.8 0.0 0.376110741703 0.751858792238 0.623889258297
73 0.8 0.1 0.404642446956 0.750347579036 0.595357553044
74 0.8 0.2 0.400229704407 0.70368131536 0.599770295593
75 0.8 0.3 0.383908601826 0.636946140361 0.616091398174
76 0.8 0.4 0.343347639485 0.693223720002 0.656652360515
77 0.8 0.5 0.41050595418 0.644985794596 0.58949404582
78 0.8 0.6 0.392552741341 0.70652239618 0.607447258659
79 0.8 0.7 0.41020371154 0.707429124101 0.58979628846
80 0.8 0.8 0.360998609684 0.640693949102 0.639001390316
