0 0.0 0.0 0.487698724536 0.768300791876 0.512301275464
1 0.0 0.1 0.497068246388 0.755485703923 0.502931753612
2 0.0 0.2 0.46744846763 0.785891313547 0.53255153237
3 0.0 0.3 0.44635193133 0.812005077676 0.55364806867
4 0.0 0.4 0.438070482984 0.81315359971 0.561929517016
5 0.0 0.5 0.470833585202 0.791936166354 0.529166414798
6 0.0 0.6 0.489935320075 0.770174696246 0.510064679925
7 0.0 0.7 0.44447802696 0.810856555643 0.55552197304
8 0.0 0.8 0.457172217856 0.792480203107 0.542827782144
9 0.1 0.0 0.448346732757 0.807350541014 0.551653267243
10 0.1 0.1 0.467085776461 0.791392129602 0.532914223539
11 0.1 0.2 0.496161518467 0.76564105664 0.503838481533
12 0.1 0.3 0.453303512059 0.800217614701 0.546696487941
13 0.1 0.4 0.463700658889 0.795502629511 0.536299341111
14 0.1 0.5 0.478873239437 0.774406093212 0.521126760563
15 0.1 0.6 0.485341231941 0.775191924077 0.514658768059
16 0.1 0.7 0.478208305628 0.780269600435 0.521791694372
17 0.1 0.8 0.464063350057 0.795321283927 0.535936649943
18 0.2 0.0 0.472526143988 0.783110681255 0.527473856012
19 0.2 0.1 0.471075379315 0.79018315904 0.528924620685
20 0.2 0.2 0.452457232666 0.813999879103 0.547542767334
21 0.2 0.3 0.486066614278 0.786133107659 0.513933385722
22 0.2 0.4 0.454210239981 0.809345342441 0.545789760019
23 0.2 0.5 0.448951218038 0.792238408995 0.551048781962
24 0.2 0.6 0.454270688509 0.798887747083 0.545729311491
25 0.2 0.7 0.472042555764 0.787160732636 0.527957444236
26 0.2 0.8 0.457595357553 0.804146769026 0.542404642447
27 0.3 0.0 0.473856011606 0.778939732818 0.526143988394
28 0.3 0.1 0.45076467388 0.817445445203 0.54923532612
29 0.3 0.2 0.456084144351 0.795502629511 0.543915855649
30 0.3 0.3 0.445626548994 0.811279695339 0.554373451006
31 0.3 0.4 0.498398114006 0.768905277157 0.501601885994
32 0.3 0.5 0.466239497068 0.796590703016 0.533760502932
33 0.3 0.6 0.479235930605 0.786616695883 0.520764069395
34 0.3 0.7 0.492051018558 0.765217916944 0.507948981442
35 0.3 0.8 0.465514114731 0.798948195611 0.534485885269
36 0.4 0.0 0.462914828024 0.805234842532 0.537085171976
37 0.4 0.1 0.450220637127 0.809224445385 0.549779362873
38 0.4 0.2 0.475185879224 0.789095085535 0.524814120776
39 0.4 0.3 0.464426041226 0.796409357432 0.535573958774
40 0.4 0.4 0.479538173245 0.791694372242 0.520461826755
41 0.4 0.5 0.457595357553 0.799734026476 0.542404642447
42 0.4 0.6 0.489270386266 0.778697938705 0.510729613734
43 0.4 0.7 0.474823188055 0.78516593121 0.525176811945
44 0.4 0.8 0.492171915614 0.773862056459 0.507828084386
45 0.5 0.0 0.448467629813 0.818473070181 0.551532370187
46 0.5 0.1 0.465332769147 0.813032702654 0.534667230853
47 0.5 0.2 0.462854379496 0.791996614882 0.537145620504
48 0.5 0.3 0.445445203409 0.82699631264 0.554554796591
49 0.5 0.4 0.480626246751 0.805416188116 0.519373753249
50 0.5 0.5 0.468355195551 0.792903342804 0.531644804449
51 0.5 0.6 0.471377621955 0.791089886961 0.528622378045
52 0.5 0.7 0.442966813758 0.817143202563 0.557033186242
53 0.5 0.8 0.450583328296 0.803421386689 0.549416671704
54 0.6 0.0 0.470531342562 0.795744423623 0.529468657438
55 0.6 0.1 0.459952850148 0.820528320135 0.540047149852
56 0.6 0.2 0.433415946322 0.852384694433 0.566584053678
57 0.6 0.3 0.454089342924 0.80843861452 0.545910657076
58 0.6 0.4 0.453787100284 0.824517922989 0.546212899716
59 0.6 0.5 0.450946019464 0.821314151 0.549053980536
60 0.6 0.6 0.48129118056 0.794233210421 0.51870881944
61 0.6 0.7 0.498942150759 0.747325152633 0.501057849241
62 0.6 0.8 0.468355195551 0.781599468053 0.531644804449
63 0.7 0.0 0.437103306534 0.826935864112 0.562896693466
64 0.7 0.1 0.466964879405 0.811037901227 0.533035120595
65 0.7 0.2 0.458864776643 0.827479900864 0.541135223357
66 0.7 0.3 0.460436438373 0.816780511395 0.539563561627
67 0.7 0.4 0.481109834976 0.786435350299 0.518890165024
68 0.7 0.5 0.445505651937 0.827721694977 0.554494348063
69 0.7 0.6 0.471982107236 0.784924137097 0.528017892764
70 0.7 0.7 0.451731850329 0.826512724415 0.548268149671
71 0.7 0.8 0.457837151665 0.790364504624 0.542162848335
72 0.8 0.0 0.430453968446 0.843317415221 0.569546031554
73 0.8 0.1 0.452880372363 0.821858187753 0.547119627637
74 0.8 0.2 0.474339599831 0.818775312821 0.525660400169
75 0.8 0.3 0.468052952911 0.801487033791 0.531947047089
76 0.8 0.4 0.428217372907 0.846823429849 0.571782627093
77 0.8 0.5 0.480505349695 0.789639122287 0.519494650305
78 0.8 0.6 0.461645408934 0.811461040924 0.538354591066
79 0.8 0.7 0.471014930786 0.805053496947 0.528985069214
80 0.8 0.8 0.460134195732 0.809889379194 0.539865804268
