0 0.3 0.1 0.894137415982 15.6896938013 0.105862584018
1 0.3 0.15 0.894324122479 14.9557505601 0.105675877521
2 0.3 0.2 0.891896938013 14.1557132188 0.108103061987
3 0.433333333333 0.1 0.88069454817 17.930918596 0.11930545183
4 0.433333333333 0.15 0.895257654966 17.6643017177 0.104742345034
5 0.433333333333 0.2 0.899178491412 17.2219940254 0.100821508588
6 0.566666666667 0.1 0.800784167289 17.6934279313 0.199215832711
7 0.566666666667 0.15 0.841486183719 17.8338312173 0.158513816281
8 0.566666666667 0.2 0.841486183719 18.0319268111 0.158513816281
9 0.7 0.1 0.736930545183 16.5707617625 0.263069454817
10 0.7 0.15 0.743091859597 15.8114264376 0.256908140403
11 0.7 0.2 0.750186706497 17.3004107543 0.249813293503
