0 0.0 0.0 0.906833457804 17.5589992532 0.0931665421957
1 0.0 0.1 0.87714712472 17.9831964152 0.12285287528
2 0.0 0.2 0.872292755788 17.86034354 0.127707244212
3 0.0 0.3 0.856982823002 17.7294622853 0.143017176998
4 0.0 0.4 0.870799103809 18.0442494399 0.129200896191
5 0.0 0.5 0.889469753547 17.4454817028 0.110530246453
6 0.0 0.6 0.860156833458 18.074309186 0.139843166542
7 0.0 0.7 0.886482449589 17.7236743839 0.113517550411
8 0.0 0.8 0.826736370426 17.6361090366 0.173263629574
9 0.1 0.0 0.886669156087 17.5446228529 0.113330843913
10 0.1 0.1 0.87285287528 17.5985810306 0.12714712472
11 0.1 0.2 0.85212845407 17.8104929052 0.14787154593
12 0.1 0.3 0.865384615385 17.390403286 0.134615384615
13 0.1 0.4 0.853995519044 18.0659073936 0.146004480956
14 0.1 0.5 0.839432412248 17.8887229276 0.160567587752
15 0.1 0.6 0.848767737117 18.1999626587 0.151232262883
16 0.1 0.7 0.836631814787 17.3450336072 0.163368185213
17 0.1 0.8 0.806572068708 17.2567214339 0.193427931292
18 0.2 0.0 0.905526512323 17.5853248693 0.0944734876774
19 0.2 0.1 0.850448095594 17.3390589993 0.149551904406
20 0.2 0.2 0.903472740851 17.4880507842 0.0965272591486
21 0.2 0.3 0.791822255414 16.4340926064 0.208177744586
22 0.2 0.4 0.881814787155 17.7701643017 0.118185212845
23 0.2 0.5 0.837191934279 17.7640029873 0.162808065721
24 0.2 0.6 0.824869305452 17.6290141897 0.175130694548
25 0.2 0.7 0.848394324122 17.6303211352 0.151605675878
26 0.2 0.8 0.758401792382 16.9761015683 0.241598207618
27 0.3 0.0 0.869118745332 17.2408513816 0.130881254668
28 0.3 0.1 0.862770724421 17.8170276326 0.137229275579
29 0.3 0.2 0.842419716206 16.9199029126 0.157580283794
30 0.3 0.3 0.862770724421 18.3698655713 0.137229275579
31 0.3 0.4 0.850448095594 17.6010082151 0.149551904406
32 0.3 0.5 0.812359970127 16.4387602689 0.187640029873
33 0.3 0.6 0.862584017924 17.4770351008 0.137415982076
34 0.3 0.7 0.819081404033 17.7091112771 0.180918595967
35 0.3 0.8 0.848207617625 18.0515309933 0.151792382375
36 0.4 0.0 0.885922330097 17.4023525019 0.114077669903
37 0.4 0.1 0.854742345034 17.1075429425 0.145257654966
38 0.4 0.2 0.839432412248 17.324682599 0.160567587752
39 0.4 0.3 0.85642270351 17.4688200149 0.14357729649
40 0.4 0.4 0.858103061987 17.7712845407 0.141896938013
41 0.4 0.5 0.848767737117 17.8482076176 0.151232262883
42 0.4 0.6 0.864077669903 17.8263629574 0.135922330097
43 0.4 0.7 0.773151605676 17.1669156087 0.226848394324
44 0.4 0.8 0.797050037341 17.7559746079 0.202949962659
45 0.5 0.0 0.871172516804 17.17643764 0.128827483196
46 0.5 0.1 0.827296489918 17.6204256908 0.172703510082
47 0.5 0.2 0.8571695295 17.6603808813 0.1428304705
48 0.5 0.3 0.850448095594 17.2587752054 0.149551904406
49 0.5 0.4 0.836631814787 17.5332337565 0.163368185213
50 0.5 0.5 0.794062733383 16.7331964152 0.205937266617
51 0.5 0.6 0.84073935773 17.1129574309 0.15926064227
52 0.5 0.7 0.78640776699 17.2359970127 0.21359223301
53 0.5 0.8 0.823749066468 17.717699776 0.176250933532
54 0.6 0.0 0.864824495892 16.9488424197 0.135175504108
55 0.6 0.1 0.868371919343 17.3463405527 0.131628080657
56 0.6 0.2 0.867064973861 16.9191560866 0.132935026139
57 0.6 0.3 0.803211351755 16.5995145631 0.196788648245
58 0.6 0.4 0.793876026886 17.430545183 0.206123973114
59 0.6 0.5 0.846713965646 17.2367438387 0.153286034354
60 0.6 0.6 0.753920836445 17.2386109037 0.246079163555
61 0.6 0.7 0.79854368932 18.1827856609 0.20145631068
62 0.6 0.8 0.745332337565 16.9884241972 0.254667662435
63 0.7 0.0 0.8571695295 16.5935399552 0.1428304705
64 0.7 0.1 0.858663181479 17.0589992532 0.141336818521
65 0.7 0.2 0.874906646751 17.0149365198 0.125093353249
66 0.7 0.3 0.849887976102 17.8108663181 0.150112023898
67 0.7 0.4 0.842046303211 17.3620238984 0.157953696789
68 0.7 0.5 0.786594473488 17.5959671397 0.213405526512
69 0.7 0.6 0.794249439881 17.6153846154 0.205750560119
70 0.7 0.7 0.811613144137 17.0519044063 0.188386855863
71 0.7 0.8 0.835884988798 16.8816280807 0.164115011202
72 0.8 0.0 0.870612397311 17.3851755041 0.129387602689
73 0.8 0.1 0.879574309186 17.0184839432 0.120425690814
74 0.8 0.2 0.829910380881 17.2623226288 0.170089619119
75 0.8 0.3 0.778379387603 15.7544809559 0.221620612397
76 0.8 0.4 0.813853622106 16.8340179238 0.186146377894
77 0.8 0.5 0.822442120986 17.3071321882 0.177557879014
78 0.8 0.6 0.801157580284 17.8039581777 0.198842419716
79 0.8 0.7 0.77072442121 17.3704256908 0.22927557879
80 0.8 0.8 0.753360716953 15.8497012696 0.246639283047
