0 0.3 0.1 0.45674907816 0.788974188479 0.54325092184
1 0.3 0.15 0.465695460316 0.772350843257 0.534304539684
2 0.3 0.2 0.459469261923 0.786193556187 0.540530738077
3 0.433333333333 0.1 0.457172217856 0.801245239678 0.542827782144
4 0.433333333333 0.15 0.47246569546 0.778335247537 0.52753430454
5 0.433333333333 0.2 0.438795865321 0.804146769026 0.561204134679
6 0.566666666667 0.1 0.513026657801 0.746660218824 0.486973342199
7 0.566666666667 0.15 0.483406879042 0.783352475367 0.516593120958
8 0.566666666667 0.2 0.465332769147 0.789034637007 0.534667230853
9 0.7 0.1 0.443752644623 0.848092848939 0.556247355377
10 0.7 0.15 0.449011666566 0.822825364202 0.550988333434
11 0.7 0.2 0.449434806262 0.823973886236 0.550565193738
