0 500 0.821508588499 16.06982823 0.178491411501
1 1000 0.856609410007 17.7989171023 0.143390589993
2 1500 0.886669156087 18.0957804332 0.113330843913
3 2000 0.895257654966 18.5834578043 0.104742345034
4 2500 0.884428678118 18.2199402539 0.115571321882
5 3000 0.883121732636 18.5905526512 0.116878267364
6 3500 0.880134428678 18.5436893204 0.119865571322
7 4000 0.906086631815 18.4818894698 0.0939133681852
8 4500 0.888909634055 18.0879387603 0.111090365945
9 5000 0.861650485437 17.9949589246 0.138349514563
10 5500 0.909820761763 18.2268483943 0.0901792382375
11 6000 0.889469753547 18.5532113518 0.110530246453
12 6500 0.904219566841 18.033793876 0.0957804331591
13 7000 0.893017176998 18.3407393577 0.106982823002
14 7500 0.904219566841 18.3932038835 0.0957804331591
15 8000 0.873412994772 18.3799477222 0.126587005228
16 8500 0.899551904406 18.2623226288 0.100448095594
17 9000 0.887789395071 17.9803958178 0.112210604929
18 9500 0.913368185213 18.2576549664 0.0866318147872
19 10000 0.908700522778 18.5175504108 0.0912994772218
