0 0.3 0.1 0.464728283866 0.810796107115 0.535271716134
1 0.3 0.15 0.473070180741 0.780269600435 0.526929819259
2 0.3 0.2 0.456628181104 0.778456144593 0.543371818896
3 0.433333333333 0.1 0.451429607689 0.790908541377 0.548570392311
4 0.433333333333 0.15 0.44320860787 0.725503233996 0.55679139213
5 0.433333333333 0.2 0.394607991295 0.713232182796 0.605392008705
6 0.566666666667 0.1 0.462975276552 0.668258477906 0.537024723448
7 0.566666666667 0.15 0.424409115638 0.695702109654 0.575590884362
8 0.566666666667 0.2 0.428459167019 0.730218219186 0.571540832981
9 0.7 0.1 0.353926131899 0.709182131415 0.646073868101
10 0.7 0.15 0.355316448044 0.626428096476 0.644683551956
11 0.7 0.2 0.344556610047 0.624312397993 0.655443389953
