0 500 0.476999335066 0.77476878438 0.523000664934
1 1000 0.464667835338 0.802514658768 0.535332164662
2 1500 0.465272320619 0.791089886961 0.534727679381
3 2000 0.479296379133 0.790001813456 0.520703620867
4 2500 0.468113401439 0.787825666445 0.531886598561
5 3000 0.432569666929 0.832255334583 0.567430333071
6 3500 0.466662636765 0.796348908904 0.533337363235
7 4000 0.467388019102 0.780450946019 0.532611980898
8 4500 0.466058151484 0.809708033609 0.533941848516
9 5000 0.450704225352 0.799552680892 0.549295774648
10 5500 0.451731850329 0.804751254307 0.548268149671
11 6000 0.499123496343 0.758266336215 0.500876503657
12 6500 0.470833585202 0.794777247174 0.529166414798
13 7000 0.49259505531 0.790848092849 0.50740494469
14 7500 0.501057849241 0.759656652361 0.498942150759
15 8000 0.455540107598 0.805778879284 0.544459892402
16 8500 0.448044490117 0.812307320317 0.551955509883
17 9000 0.471800761651 0.780994982772 0.528199238349
18 9500 0.41020371154 0.848334643051 0.58979628846
19 10000 0.490902496524 0.768119446291 0.509097503476
